dim 30 30 30 
putsphere 20 12 14 10 1 0 0 1
cutbox 10 30 2 22 14 28
putbox 15 25 7 17 9 19 1 1 0.7 1
putbox 17 18 7 7 16 16 0 0 0 1
putbox 17 18 7 7 18 18 0 0 0 1
putbox 17 18 7 7 17 17 0 0 0 1
putbox 22 23 7 7 16 16 0 0 0 1
putbox 22 23 7 7 18 18 0 0 0 1
putbox 22 23 7 7 17 17 0 0 0 1
putbox 17 17 7 7 17 17 1 1 1 1
putbox 22 22 7 7 17 17 1 1 1 1
putbox 17 23 3 3 13 13 1 1 1 1
putbox 18 22 3 3 12 12 1 1 1 1
putbox 19 21 3 3 11 11 1 1 1 1
putbox 11 11 9 15 13 13 1 1 1 1
putbox 11 11 10 14 12 12 1 1 1 1
putbox 11 11 11 13 11 11 1 1 1 1
putbox 29 29 9 15 13 13 1 1 1 1
putbox 29 29 10 14 12 12 1 1 1 1
putbox 29 29 11 13 11 11 1 1 1 1
putbox 17 23 21 21 13 13 1 1 1 1
putbox 18 22 21 21 12 12 1 1 1 1
putbox 19 21 21 21 11 11 1 1 1 1
putbox 20 20 9 15 5 5 1 1 1 1
putbox 21 21 9 15 5 5 1 1 1 1
putbox 22 22 10 14 5 5 1 1 1 1
putbox 23 23 11 13 5 5 1 1 1 1
putbox 19 19 9 15 5 5 1 1 1 1
putbox 18 18 10 14 5 5 1 1 1 1
putbox 17 17 11 13 5 5 1 1 1 1
